* Measurement data measured by REW V5.31.3
* Source: C:\Users\gre_n\Desktop\Squig Link\IEM\Samsung EO-IA500 (sample 1) L.csv
* Format: Comma/Tab/Space delimited data
* Dated: 2025. 2. 25 오후 11:54:26
* REW Settings:
*  C-weighting compensation: Off
*  Target level: 75.0 dB
* Note: Measurement imported from C:\Users\gre_n\Desktop\Squig Link\IEM\Samsung EO-IA500 (sample 1) L.csv Format: Comma/Tab/Space delimited data 720 values loaded, 3 Hz to 21,889 Hz log spaced
* Measurement: Samsung EO-IA500 (sample 1)
* Smoothing: 1/48 octave
* Frequency Step: 1/48 octave
* Start Frequency: 2.720 Hz
*
* Freq(Hz) SPL(dB)
2.720000 84.561
2.760000 84.720
2.800000 84.940
2.850000 85.221
2.900000 85.496
2.950000 85.772
3.000000 86.044
3.040000 86.264
3.070000 86.425
3.110000 86.643
3.150000 86.859
3.200000 87.125
3.250000 87.390
3.300000 87.653
3.350000 87.913
3.400000 88.172
3.450000 88.429
3.500000 88.684
3.550000 88.937
3.600000 89.187
3.650000 89.433
3.700000 89.677
3.750000 89.918
3.820000 90.253
3.870000 90.489
3.950000 90.860
4.000000 91.087
4.060000 91.357
4.120000 91.620
4.180000 91.880
4.250000 92.177
4.310000 92.427
4.370000 92.669
4.440000 92.947
4.500000 93.181
4.550000 93.371
4.620000 93.629
4.680000 93.843
4.750000 94.086
4.820000 94.321
4.870000 94.484
4.940000 94.705
5.000000 94.888
5.080000 95.121
5.150000 95.314
5.220000 95.497
5.300000 95.697
5.380000 95.884
5.450000 96.041
5.520000 96.195
5.600000 96.367
5.700000 96.578
5.800000 96.785
5.900000 96.988
6.000000 97.185
6.080000 97.340
6.150000 97.473
6.220000 97.604
6.300000 97.751
6.400000 97.932
6.500000 98.108
6.600000 98.278
6.700000 98.444
6.800000 98.606
6.900000 98.762
7.000000 98.914
7.100000 99.062
7.200000 99.205
7.300000 99.344
7.400000 99.478
7.500000 99.608
7.620000 99.757
7.750000 99.912
7.880000 100.059
8.000000 100.189
8.120000 100.316
8.250000 100.454
8.380000 100.590
8.500000 100.712
8.620000 100.833
8.750000 100.959
8.850000 101.054
9.000000 101.193
9.120000 101.301
9.250000 101.414
9.380000 101.525
9.500000 101.624
9.620000 101.720
9.750000 101.822
9.880000 101.919
10.000000 102.007
10.150000 102.112
10.300000 102.213
10.440000 102.303
10.600000 102.401
10.750000 102.488
10.900000 102.572
11.060000 102.657
11.200000 102.731
11.380000 102.822
11.500000 102.881
11.720000 102.987
11.800000 103.024
12.060000 103.142
12.200000 103.203
12.410000 103.291
12.500000 103.327
12.650000 103.387
12.800000 103.444
13.150000 103.570
13.200000 103.587
13.400000 103.654
13.600000 103.719
13.800000 103.783
14.000000 103.846
14.300000 103.935
14.500000 103.993
14.750000 104.062
15.000000 104.128
15.250000 104.191
15.500000 104.251
15.750000 104.309
16.000000 104.363
16.250000 104.415
16.500000 104.465
16.750000 104.512
17.000000 104.558
17.250000 104.602
17.500000 104.645
17.750000 104.685
18.000000 104.724
18.250000 104.761
18.500000 104.796
18.750000 104.830
19.000000 104.861
19.250000 104.892
19.500000 104.921
19.750000 104.950
20.000000 104.977
20.299999 105.008
20.600000 105.038
20.900000 105.066
21.200001 105.093
21.400000 105.110
21.799999 105.144
22.000000 105.161
22.400000 105.193
22.700001 105.214
23.000000 105.234
23.299999 105.253
23.600000 105.269
24.000000 105.288
24.299999 105.298
24.700001 105.301
25.000000 105.298
25.400000 105.290
25.799999 105.281
26.200001 105.274
26.500000 105.271
26.900000 105.275
27.200001 105.282
27.600000 105.297
28.000000 105.317
28.500000 105.343
29.000000 105.366
29.500000 105.383
30.000000 105.390
30.400000 105.392
30.700001 105.393
31.100000 105.393
31.500000 105.392
32.000000 105.390
32.500000 105.386
33.000000 105.381
33.500000 105.376
34.000000 105.370
34.500000 105.363
35.000000 105.355
35.500000 105.346
36.000000 105.336
36.500000 105.326
37.000000 105.315
37.500000 105.304
38.200001 105.288
38.700001 105.276
39.500000 105.256
40.000000 105.243
40.599998 105.227
41.200001 105.211
41.799999 105.193
42.500000 105.172
43.099998 105.152
43.700001 105.131
44.400002 105.106
45.000000 105.084
45.500000 105.066
46.200001 105.039
46.799999 105.016
47.500000 104.989
48.200001 104.963
48.700001 104.944
49.400002 104.919
50.000000 104.898
50.799999 104.869
51.500000 104.842
52.200001 104.814
53.000000 104.781
53.799999 104.748
54.500000 104.718
55.200001 104.688
56.000000 104.654
57.000000 104.612
58.000000 104.571
59.000000 104.529
60.000000 104.488
60.799999 104.455
61.500000 104.426
62.200001 104.395
63.000000 104.360
64.000000 104.315
65.000000 104.270
66.000000 104.225
67.000000 104.181
68.000000 104.138
69.000000 104.096
70.000000 104.053
71.000000 104.009
72.000000 103.963
73.000000 103.918
74.000000 103.874
75.000000 103.832
76.199997 103.783
77.500000 103.729
78.800003 103.661
80.000000 103.589
81.199997 103.525
82.500000 103.467
83.800003 103.412
85.000000 103.360
86.199997 103.306
87.500000 103.248
88.500000 103.203
90.000000 103.134
91.199997 103.080
92.500000 103.023
93.800003 102.967
95.000000 102.912
96.199997 102.857
97.500000 102.799
98.800003 102.744
100.000000 102.696
101.500000 102.645
103.000000 102.622
104.400002 102.592
106.000000 102.462
107.500000 102.297
109.000000 102.193
110.599998 102.135
112.000000 102.083
113.800003 102.008
115.000000 101.955
117.199997 101.851
118.000000 101.814
120.599998 101.700
122.000000 101.639
124.099998 101.543
125.000000 101.502
126.500000 101.434
128.000000 101.368
131.500000 101.219
132.000000 101.198
134.000000 101.108
136.000000 101.013
138.000000 100.924
140.000000 100.842
143.000000 100.714
145.000000 100.633
147.500000 100.536
150.000000 100.437
152.500000 100.337
155.000000 100.240
157.500000 100.148
160.000000 100.055
162.500000 99.958
165.000000 99.858
167.500000 99.750
170.000000 99.639
172.500000 99.530
175.000000 99.421
177.500000 99.311
180.000000 99.196
182.500000 99.074
185.000000 98.951
187.500000 98.831
190.000000 98.712
192.500000 98.592
195.000000 98.474
197.500000 98.357
200.000000 98.242
203.000000 98.106
206.000000 97.974
209.000000 97.843
212.000000 97.723
214.000000 97.671
218.000000 97.666
220.000000 97.705
224.000000 97.832
227.000000 97.942
230.000000 98.037
233.000000 98.098
236.000000 98.135
240.000000 98.148
243.000000 98.122
247.000000 98.047
250.000000 97.976
254.000000 97.868
258.000000 97.746
262.000000 97.616
265.000000 97.517
269.000000 97.381
272.000000 97.278
276.000000 97.143
280.000000 97.013
285.000000 96.859
290.000000 96.717
295.000000 96.593
300.000000 96.490
304.000000 96.422
307.000000 96.381
311.000000 96.335
315.000000 96.293
320.000000 96.238
325.000000 96.176
330.000000 96.108
335.000000 96.029
340.000000 95.929
345.000000 95.821
350.000000 95.722
355.000000 95.619
360.000000 95.504
365.000000 95.383
370.000000 95.254
375.000000 95.115
382.000000 94.918
387.000000 94.785
395.000000 94.575
400.000000 94.440
406.000000 94.291
412.000000 94.153
418.000000 94.023
425.000000 93.894
431.000000 93.796
437.000000 93.699
444.000000 93.600
450.000000 93.537
455.000000 93.500
462.000000 93.463
468.000000 93.440
475.000000 93.417
482.000000 93.393
487.000000 93.375
494.000000 93.346
500.000000 93.319
508.000000 93.281
515.000000 93.247
522.000000 93.216
530.000000 93.192
538.000000 93.181
545.000000 93.180
552.000000 93.190
560.000000 93.215
570.000000 93.257
580.000000 93.294
590.000000 93.322
600.000000 93.344
608.000000 93.363
615.000000 93.387
622.000000 93.419
630.000000 93.453
640.000000 93.476
650.000000 93.478
660.000000 93.475
670.000000 93.475
680.000000 93.482
690.000000 93.497
700.000000 93.520
710.000000 93.554
720.000000 93.599
730.000000 93.651
740.000000 93.700
750.000000 93.744
762.000000 93.796
775.000000 93.857
788.000000 93.925
800.000000 93.992
812.000000 94.061
825.000000 94.133
838.000000 94.199
850.000000 94.257
862.000000 94.313
875.000000 94.373
885.000000 94.420
900.000000 94.494
912.000000 94.553
925.000000 94.613
938.000000 94.673
950.000000 94.727
962.000000 94.779
975.000000 94.838
988.000000 94.899
1000.000000 94.954
1015.000000 95.020
1030.000000 95.086
1044.000000 95.145
1060.000000 95.215
1075.000000 95.286
1090.000000 95.362
1106.000000 95.448
1120.000000 95.530
1138.000000 95.639
1150.000000 95.711
1172.000000 95.840
1180.000000 95.887
1206.000000 96.041
1220.000000 96.123
1241.000000 96.245
1250.000000 96.297
1265.000000 96.383
1280.000000 96.470
1315.000000 96.674
1320.000000 96.703
1340.000000 96.825
1360.000000 96.955
1380.000000 97.092
1400.000000 97.232
1430.000000 97.445
1450.000000 97.586
1475.000000 97.761
1500.000000 97.925
1525.000000 98.082
1550.000000 98.236
1575.000000 98.382
1600.000000 98.525
1625.000000 98.669
1650.000000 98.819
1675.000000 98.979
1700.000000 99.149
1725.000000 99.327
1750.000000 99.518
1775.000000 99.721
1800.000000 99.928
1825.000000 100.135
1850.000000 100.339
1875.000000 100.537
1900.000000 100.726
1925.000000 100.905
1950.000000 101.075
1975.000000 101.240
2000.000000 101.400
2030.000000 101.581
2060.000000 101.750
2090.000000 101.912
2120.000000 102.066
2140.000000 102.168
2180.000000 102.392
2200.000000 102.523
2240.000000 102.836
2270.000000 103.104
2300.000000 103.384
2330.000000 103.652
2360.000000 103.896
2400.000000 104.189
2430.000000 104.391
2470.000000 104.635
2500.000000 104.805
2540.000000 105.020
2580.000000 105.225
2620.000000 105.418
2650.000000 105.553
2690.000000 105.718
2720.000000 105.828
2760.000000 105.953
2800.000000 106.059
2850.000000 106.170
2900.000000 106.265
2950.000000 106.346
3000.000000 106.415
3040.000000 106.461
3070.000000 106.492
3110.000000 106.526
3150.000000 106.552
3200.000000 106.573
3250.000000 106.580
3300.000000 106.573
3350.000000 106.553
3400.000000 106.519
3450.000000 106.466
3500.000000 106.392
3550.000000 106.296
3600.000000 106.178
3650.000000 106.039
3700.000000 105.881
3750.000000 105.706
3820.000000 105.434
3870.000000 105.226
3950.000000 104.886
4000.000000 104.674
4060.000000 104.427
4120.000000 104.192
4180.000000 103.970
4250.000000 103.731
4310.000000 103.549
4370.000000 103.384
4440.000000 103.209
4500.000000 103.069
4550.000000 102.962
4620.000000 102.829
4680.000000 102.737
4750.000000 102.657
4820.000000 102.607
4870.000000 102.587
4940.000000 102.581
5000.000000 102.606
5080.000000 102.685
5150.000000 102.789
5220.000000 102.919
5300.000000 103.091
5380.000000 103.265
5450.000000 103.403
5520.000000 103.515
5600.000000 103.593
5700.000000 103.590
5800.000000 103.469
5900.000000 103.248
6000.000000 102.969
6080.000000 102.740
6150.000000 102.549
6220.000000 102.374
6300.000000 102.197
6400.000000 102.018
6500.000000 101.893
6600.000000 101.826
6700.000000 101.819
6800.000000 101.871
6900.000000 101.971
7000.000000 102.101
7100.000000 102.245
7200.000000 102.383
7300.000000 102.492
7400.000000 102.546
7500.000000 102.522
7620.000000 102.366
7750.000000 102.036
7880.000000 101.570
8000.000000 101.075
8120.000000 100.567
8250.000000 100.050
8380.000000 99.604
8500.000000 99.275
8620.000000 99.036
8750.000000 98.886
8850.000000 98.848
9000.000000 98.917
9120.000000 99.086
9250.000000 99.385
9380.000000 99.786
9500.000000 100.218
9620.000000 100.676
9750.000000 101.154
9880.000000 101.553
10000.000000 101.797
10150.000000 101.881
10300.000000 101.695
10440.000000 101.296
10600.000000 100.657
10750.000000 99.976
10900.000000 99.295
11060.000000 98.630
11200.000000 98.138
11380.000000 97.644
11500.000000 97.403
11720.000000 97.147
11800.000000 97.110
12060.000000 97.175
12200.000000 97.310
12410.000000 97.607
12500.000000 97.754
12650.000000 98.000
12800.000000 98.216
13150.000000 98.431
13200.000000 98.418
13400.000000 98.261
13600.000000 97.968
13800.000000 97.601
14000.000000 97.232
14300.000000 96.809
14500.000000 96.695
14750.000000 96.833
15000.000000 97.352
15250.000000 98.194
15500.000000 98.959
15750.000000 98.973
16000.000000 97.761
16250.000000 95.560
16500.000000 93.298
16750.000000 91.357
17000.000000 89.432
17250.000000 87.686
17500.000000 86.254
17750.000000 85.144
18000.000000 84.405
18250.000000 84.121
18500.000000 84.055
18750.000000 83.251
19000.000000 80.869
19250.000000 77.791
19500.000000 77.197
19750.000000 78.238
20000.000000 79.113
20300.000000 79.936
20600.000000 80.613
20900.000000 80.929
21200.000000 80.479
21400.000000 79.589
21800.000000 77.033
